Tunis  (3177,1134)  (3129,1181)  (3129,1133)  (3224,1182)  (3177,1086)  (3225,1086)  (3225,1134)  (3127,1085)  (3176,1229)  (3128,1229)  (3081,1181)  (3081,1133)  (3272,1182)  (3272,1230)  (3224,1230)  (3080,1230)  (3175,1038)  (3223,1038)  (3271,1038)  (3273,1086)  (3273,1134)  (3079,1085)  (3079,1037)  (3127,1037)  (3319,992)  (3176,1277)  (3128,1277)  (3033,1182)  (3033,1134)  (3320,1182)  (3320,1230)  (3320,1278)  (3272,1278)  (3224,1278)  (3080,1278)  (3032,1277)  (3175,990)  (3223,990)  (3271,990)  (3321,1130)  (3031,1086)  (3031,1038)  (3031,990)  (3079,989)  (3127,989)  (3359,944)  (3176,1325)  (3128,1325)  (2985,1229)  (2985,1181)  (3368,1178)  (3368,1226)  (3368,1274) 
B-ORA  (1627,1842) 
G-GHA  (3490,2811) 
Casablanca  (467,1937)  (419,1984)  (419,1936)  (514,1985)  (467,1889)  (515,1889)  (515,1937)  (417,1888)  (466,2032)  (418,2032)  (371,1984)  (371,1936)  (562,1985)  (562,2033)  (514,2033)  (370,2033)  (465,1841)  (513,1841)  (561,1841)  (563,1889)  (563,1937)  (369,1888)  (369,1840)  (417,1840)  (609,1795)  (466,2080)  (418,2080)  (323,1985)  (323,1937)  (610,1985)  (610,2033)  (610,2081)  (562,2081)  (514,2081)  (370,2081)  (322,2081)  (322,2033)  (465,1793)  (513,1793)  (561,1793)  (611,1843)  (611,1891)  (321,1889)  (321,1841)  (321,1793)  (369,1792)  (417,1792)  (609,1747)  (657,1747)  (657,1795)  (466,2128)  (418,2128)  (275,1985)  (275,1937) 
H-I  (4424,2911) 
Casablanca Convoy UK  (377,1321)  (329,1368)  (329,1320)  (424,1369)  (377,1273)  (425,1273)  (425,1321)  (327,1272)  (376,1416)  (328,1416)  (472,1369)  (472,1417)  (424,1417)  (375,1225)  (423,1225)  (471,1225)  (473,1273)  (473,1321)  (285,1224) 
LAG-OUE  (2435,1705) 
Laghouat  (2166,1795)  (2118,1842)  (2118,1794)  (2213,1843)  (2166,1747)  (2214,1747)  (2214,1795)  (2116,1746)  (2074,1890)  (2070,1842)  (2070,1794)  (2261,1843)  (2261,1891)  (2213,1891)  (2198,1699)  (2246,1699)  (2262,1747)  (2262,1795)  (2294,1667)  (2026,1915)  (2022,1867)  (2022,1819)  (2022,1771)  (2309,1843)  (2309,1891)  (2310,1715)  (2310,1763)  (2258,1619)  (2306,1619)  (2342,1667)  (1978,1915)  (2354,1607)  (1974,1867)  (1974,1819)  (1974,1771)  (2357,1811)  (2357,1859)  (2357,1907)  (2358,1715)  (2358,1763)  (2258,1571)  (2306,1571)  (1930,1915)  (2386,1559)  (2402,1607)  (1926,1867)  (1926,1819)  (1926,1771)  (2405,1811)  (2405,1859)  (2405,1907) 
K-SIW  (5723,2811) 
KAS-OUE  (2643,1510) 
Portugal  (355,358)  (307,405)  (307,357)  (402,406)  (355,310)  (403,310)  (403,358)  (305,309)  (354,453)  (306,453)  (259,405)  (450,442)  (402,454)  (258,454)  (353,262)  (401,262)  (449,262)  (451,310)  (279,261)  (478,490)  (497,216)  (354,501)  (306,501)  (430,502)  (258,502)  (210,502)  (210,454)  (327,214)  (375,214)  (423,214)  (499,264)  (499,312)  (497,538)  (471,168)  (519,168)  (382,549)  (334,549)  (449,550)  (286,550)  (238,550)  (288,166)  (336,166)  (384,166)  (432,120)  (480,120)  (401,597)  (353,597)  (471,598)  (305,598)  (257,598)  (262,118)  (310,118)  (358,118) 
Syria  (7448,1424)  (7400,1471)  (7400,1423)  (7452,1472)  (7448,1376)  (7404,1519)  (7356,1519)  (7452,1520)  (7418,1328)  (7404,1567)  (7356,1567)  (7452,1568)  (7409,1280)  (7404,1615)  (7356,1615)  (7452,1616)  (7419,1232)  (7308,1618)  (7404,1663)  (7356,1663)  (7452,1664)  (7398,1184)  (7446,1184)  (7452,1712) 
SIR-SOK  (4011,2516) 
Greece  (5212,487)  (5164,534)  (5164,486)  (5259,535)  (5212,439)  (5260,439)  (5260,487)  (5162,438)  (5211,582)  (5163,582)  (5116,534)  (5116,486)  (5307,535)  (5307,583)  (5259,583)  (5115,583)  (5210,391)  (5258,391)  (5306,391)  (5308,439)  (5308,487)  (5114,438)  (5114,390)  (5162,390)  (5188,630)  (5068,535)  (5068,487)  (5355,535)  (5355,583)  (5355,631)  (5307,631)  (5140,631)  (5067,612)  (5210,343)  (5258,343)  (5356,449)  (5066,439)  (5066,391)  (5066,343)  (5114,342)  (5162,342)  (5189,678)  (5020,564)  (5020,516)  (5403,497)  (5403,545)  (5403,593)  (5403,641)  (5141,679)  (5019,295)  (5210,295) 
JAL-ZEL  (4859,2652) 
Tripoli Convoy I  (3887,1460)  (3934,1508)  (3886,1508)  (3843,1412)  (3891,1412)  (3935,1460)  (3939,1408)  (3982,1508)  (3982,1556)  (3934,1556)  (3886,1556)  (3843,1364)  (3891,1364)  (3983,1456)  (3939,1360)  (3987,1360)  (3987,1408) 
G-SOK  (3770,2806) 
E-GHA  (3242,2598) 
MAR-TUN  (3172,1510) 
Nalut  (3384,2306)  (3336,2353)  (3336,2305)  (3431,2354)  (3384,2258)  (3432,2258)  (3432,2306)  (3334,2257)  (3383,2401)  (3335,2401)  (3288,2353)  (3288,2305)  (3479,2354)  (3479,2402)  (3431,2402)  (3287,2402)  (3382,2210)  (3430,2210)  (3480,2213)  (3480,2261)  (3286,2257)  (3286,2209)  (3334,2209)  (3383,2449)  (3335,2449)  (3240,2351)  (3527,2309)  (3527,2357)  (3527,2405)  (3479,2450)  (3431,2450)  (3287,2450)  (3382,2162)  (3238,2303)  (3238,2255)  (3238,2207)  (3330,2161)  (3530,2453)  (3575,2337)  (3575,2385)  (3378,2114)  (3578,2433)  (3578,2481)  (3330,2101)  (3310,2053)  (3301,2005) 
Sea Zone 1  (52,646)  (4,693)  (4,645)  (99,694)  (52,598)  (100,598)  (100,646)  (2,597)  (51,741)  (3,741)  (147,694)  (147,742)  (99,742)  (50,550)  (98,550)  (148,621)  (0,549)  (51,789)  (3,789)  (188,790)  (140,790)  (48,502)  (96,502)  (0,501)  (144,472)  (92,837)  (44,837)  (179,838)  (48,454)  (96,454)  (0,453)  (144,424)  (131,885)  (83,885)  (35,885)  (48,406)  (96,406)  (0,405)  (144,376)  (293,923)  (174,933)  (126,933)  (78,933)  (30,933)  (48,358)  (96,358)  (0,357)  (245,936)  (192,351)  (342,947)  (144,328) 
Sea Zone 2  (1,1150)  (1,1493)  (1,1541)  (1,1589)  (1,1637)  (1,1685)  (1,1733)  (1,1781)  (1,1829)  (1,1877)  (1,1925)  (1,1973)  (1,2021)  (1,2069)  (1,2117)  (1,2165)  (1,2213)  (49,1150)  (49,1493)  (49,1541)  (49,1589)  (49,1637)  (49,1685)  (49,1733)  (49,1781)  (49,1829)  (49,1877)  (49,2148)  (49,2196)  (97,1150)  (97,1493)  (97,1541)  (97,1589)  (97,1637)  (97,1685)  (97,1733)  (97,1781)  (97,1829)  (145,1150)  (145,1493)  (145,1541)  (145,1589)  (145,1637)  (145,1685)  (193,1150)  (193,1493)  (193,1541)  (193,1589)  (241,1150)  (241,1493)  (241,1541)  (241,1589) 
D-NAL  (3163,2263) 
AGH-BRE  (4726,2332) 
Sinai  (7097,2146)  (7049,2134)  (7144,2194)  (7096,2194)  (7097,2098)  (7145,2144)  (7036,2086)  (7169,2242)  (7121,2242)  (7084,2050)  (7188,2290)  (7140,2290)  (7176,2338) 
Tripoli Convoy G  (3699,1458)  (3651,1505)  (3651,1457)  (3746,1506)  (3699,1410)  (3747,1410)  (3747,1458)  (3649,1409)  (3698,1553)  (3650,1553)  (3794,1506)  (3794,1554)  (3746,1554)  (3697,1362)  (3745,1362)  (3793,1362)  (3795,1410)  (3795,1458)  (3616,1361) 
MAR-NAL  (3267,2135) 
SIR-TRI  (3874,2102) 
KAS-MAR  (2949,1505) 
Suez Canal  (6908,2243)  (6860,2290)  (6860,2242)  (6955,2291)  (6908,2195)  (6956,2195)  (6956,2243)  (6858,2194)  (6907,2338)  (6859,2338)  (7003,2291)  (7003,2339)  (6955,2339)  (6906,2147)  (6954,2147)  (7004,2187)  (7004,2235)  (6819,2146)  (6907,2386)  (6859,2386)  (7051,2285)  (7051,2333)  (7051,2381)  (7003,2387)  (6955,2387)  (6867,2099)  (6915,2099)  (6819,2098)  (7093,2429)  (6907,2434)  (6859,2434)  (7045,2435)  (6997,2435)  (6867,2051)  (6915,2051)  (6819,2050)  (7141,2473)  (7093,2477)  (6949,2482)  (6901,2482)  (6853,2482)  (7045,2483)  (6997,2483)  (6867,2003)  (6915,2003)  (6819,2002)  (7164,2521)  (7116,2525)  (6949,2530)  (6901,2530)  (6853,2530) 
C-LAG  (2131,1935) 
Benghazi  (5050,1923)  (5002,1970)  (5002,1922)  (5097,1971)  (5050,1875)  (5098,1875)  (5098,1923)  (5000,1874)  (5049,2018)  (5001,2018)  (4954,1970)  (4954,1922)  (5145,1971)  (5145,2019)  (5097,2019)  (4953,2019)  (5048,1827)  (5096,1827)  (5144,1827)  (5146,1875)  (5146,1923)  (4952,1874)  (4952,1826)  (5000,1826)  (5192,1781)  (5049,2066)  (5001,2066)  (4906,1971)  (4906,1923)  (5193,2052)  (5145,2067)  (5097,2067)  (4953,2067)  (4905,2067)  (4905,2019)  (5048,1779)  (5096,1779)  (5144,1779)  (5194,1829)  (5194,1877)  (5194,1925)  (4904,1875)  (4904,1827)  (4943,1778)  (4991,1778)  (5204,2100)  (5049,2114)  (5001,2114)  (5156,2115)  (5108,2115)  (4953,2115) 
Missed This  (7344,2750)  (7392,2785)  (7442,2818)  (7394,2833)  (7452,2866)  (7452,2914)  (7452,2962) 
Turkey  (6759,392)  (6711,439)  (6711,391)  (6806,440)  (6759,344)  (6807,344)  (6807,392)  (6709,343)  (6758,487)  (6710,487)  (6663,439)  (6663,391)  (6854,440)  (6854,488)  (6806,488)  (6662,488)  (6757,296)  (6805,296)  (6853,296)  (6855,344)  (6855,392)  (6661,343)  (6661,295)  (6709,295)  (6901,250)  (6758,535)  (6710,535)  (6615,440)  (6615,392)  (6902,440)  (6902,488)  (6902,536)  (6854,536)  (6806,536)  (6662,536)  (6614,536)  (6614,488)  (6757,248)  (6805,248)  (6853,248)  (6903,298)  (6903,346)  (6613,344)  (6613,296)  (6613,248)  (6661,247)  (6709,247)  (6901,202)  (6949,202)  (6949,250)  (6758,583)  (6710,583)  (6567,440)  (6567,392) 
BRE-JAL  (5043,2517) 
Sea Zone 7  (2562,218)  (2514,265)  (2514,217)  (2609,266)  (2562,170)  (2610,170)  (2610,218)  (2512,169)  (2561,313)  (2513,313)  (2466,265)  (2466,217)  (2657,266)  (2657,314)  (2609,314)  (2465,314)  (2560,122)  (2608,122)  (2656,122)  (2658,170)  (2658,218)  (2464,169)  (2464,121)  (2512,121)  (2704,76)  (2561,361)  (2513,361)  (2418,266)  (2418,218)  (2705,266)  (2705,314)  (2705,362)  (2657,362)  (2609,362)  (2465,362)  (2417,362)  (2417,314)  (2560,74)  (2608,74)  (2656,74)  (2706,124)  (2706,172)  (2416,170)  (2416,122)  (2416,74)  (2464,73)  (2512,73)  (2704,28)  (2561,409)  (2513,409)  (2751,410)  (2703,410)  (2655,410)  (2465,410)  (2417,410) 
Sea Zone 8  (2656,578)  (2656,626)  (2656,674)  (2656,722)  (2656,770)  (2656,818)  (2656,866)  (2704,578)  (2704,626)  (2704,674)  (2704,722)  (2704,770)  (2704,818)  (2704,866)  (2752,578)  (2752,626)  (2752,674)  (2752,722)  (2752,770)  (2752,818)  (2752,866)  (2800,578)  (2800,626)  (2800,674)  (2800,722)  (2800,770)  (2800,818)  (2848,578)  (2848,626)  (2848,674)  (2848,722)  (2848,770)  (2848,818)  (2871,866)  (2919,842)  (2920,890)  (2967,842)  (3015,842)  (3293,842)  (3322,890)  (3341,842)  (3389,842)  (3437,842)  (3462,578)  (3462,626)  (3462,674)  (3462,722)  (3462,770)  (3485,818)  (3510,578)  (3510,626)  (3510,674)  (3510,722)  (3510,770) 
Jalo  (5102,2656)  (5054,2703)  (5054,2655)  (5149,2704)  (5102,2608)  (5150,2608)  (5150,2656)  (5052,2607)  (5101,2751)  (5053,2751)  (5006,2703)  (5006,2655)  (5197,2704)  (5197,2752)  (5005,2752)  (5100,2560)  (5148,2560)  (5196,2560)  (5198,2608)  (5198,2656)  (5004,2607)  (4978,2559)  (4958,2704)  (4958,2656)  (5245,2704)  (5245,2752)  (5246,2576)  (5246,2624)  (4956,2608)  (4930,2560)  (4910,2745)  (5293,2672)  (5293,2720)  (5293,2768)  (5294,2581)  (4882,2592)  (4882,2544) 
Sea Zone 9  (2800,1)  (2800,49)  (2800,97)  (2800,145)  (2800,193)  (2800,241)  (2800,289)  (2800,337)  (2800,385)  (2800,433)  (2800,481)  (2800,529)  (2848,1)  (2848,49)  (2848,97)  (2848,145)  (2848,193)  (2848,241)  (2848,289)  (2848,337)  (2848,385)  (2848,433)  (2848,481)  (2848,529)  (2896,1)  (2896,49)  (2896,97)  (2896,145)  (2896,193)  (2896,241)  (2896,289)  (2896,337)  (2896,385)  (2896,433)  (2896,481)  (2896,529)  (2944,1)  (2944,49)  (2944,216)  (2944,264)  (2944,312)  (2944,360)  (2944,408)  (2992,1)  (2992,49)  (3040,1)  (3040,49)  (3088,1)  (3092,530)  (3136,1)  (3140,505) 
C-D  (2556,2118) 
Sea Zone 3  (1063,1088)  (1015,1135)  (1015,1087)  (1110,1136)  (1063,1040)  (1111,1040)  (1111,1088)  (1013,1039)  (967,1154)  (967,1106)  (1158,1136)  (1158,1184)  (1061,992)  (1109,992)  (1159,997)  (1159,1045)  (965,1058)  (965,1010)  (1013,991)  (919,1146)  (1206,1093)  (1206,1141)  (1206,1189)  (1207,1003)  (917,1098)  (917,1050)  (1254,1051)  (1254,1099)  (1254,1147)  (1254,1195)  (1255,995)  (869,1122)  (1302,1043)  (1302,1091)  (1302,1139)  (1302,1187)  (1302,1235)  (1303,989)  (1350,1037)  (1350,1085)  (1350,1133)  (1350,1181)  (1351,971)  (678,1127)  (648,1177)  (634,1225)  (630,1129)  (611,1275)  (605,1081)  (600,1177) 
Sea Zone 4  (1404,881)  (1404,929)  (1404,977)  (1404,1025)  (1404,1073)  (1404,1121)  (1404,1169)  (1452,839)  (1452,887)  (1452,935)  (1452,983)  (1452,1031)  (1452,1079)  (1500,826)  (1500,874)  (1500,922)  (1500,970)  (1500,1018)  (1500,1066)  (1548,1000)  (1548,1048)  (1596,1000)  (1596,1048)  (1603,665)  (1644,1000)  (1644,1048)  (1651,632)  (1692,1000)  (1699,590)  (1699,638)  (1747,579)  (1747,627)  (1795,579)  (1795,627)  (1843,579)  (1843,627)  (1862,675)  (1862,723)  (1862,771)  (1862,819)  (1862,867)  (1862,915)  (1891,579)  (1891,627)  (1910,675)  (1910,723)  (1910,771)  (1910,819)  (1910,867)  (1910,915)  (1939,579)  (1939,627) 
Sea Zone 5  (2049,242)  (2001,289)  (2001,241)  (2096,290)  (2049,194)  (2097,194)  (2097,242)  (1999,193)  (2048,337)  (2000,337)  (1953,289)  (1953,241)  (2144,290)  (2144,338)  (2096,338)  (1952,338)  (2047,146)  (2095,146)  (2143,146)  (2145,194)  (2145,242)  (1951,193)  (1951,145)  (1999,145)  (2191,100)  (2048,385)  (2000,385)  (1905,290)  (1905,242)  (2192,290)  (2192,338)  (2192,386)  (2144,386)  (2096,386)  (1952,386)  (1904,386)  (1904,338)  (2047,98)  (2095,98)  (2143,98)  (2193,148)  (2193,196)  (1903,194)  (1903,146)  (1903,98)  (1951,97)  (1999,97)  (2191,52)  (2239,52)  (2239,100)  (2048,433)  (2000,433)  (1857,290)  (1857,242) 
Sea Zone 6  (1990,578)  (1990,626)  (1990,674)  (1990,722)  (1990,770)  (1990,818)  (1990,866)  (1990,914)  (2038,578)  (2038,626)  (2038,674)  (2038,722)  (2038,770)  (2038,818)  (2038,866)  (2038,914)  (2086,885)  (2134,885)  (2182,885)  (2230,885)  (2278,885)  (2326,885)  (2374,885)  (2422,885)  (2470,885)  (2481,933)  (2518,885)  (2551,578)  (2551,626)  (2551,674)  (2551,722)  (2551,770)  (2551,818)  (2566,866)  (2599,578)  (2599,626)  (2599,674)  (2599,722)  (2599,770)  (2599,818) 
Crete  (5627,1312)  (5579,1354)  (5579,1306)  (5675,1293)  (5675,1341)  (5531,1329)  (5531,1281)  (5723,1305)  (5483,1305)  (5771,1328)  (5819,1328) 
G-H  (3838,2907) 
Algiers  (2032,1282)  (1984,1329)  (1984,1281)  (2079,1330)  (2032,1234)  (2080,1234)  (2080,1282)  (1982,1233)  (2031,1377)  (1983,1377)  (1936,1329)  (1936,1281)  (2127,1330)  (2127,1378)  (2079,1378)  (1935,1378)  (2030,1186)  (2078,1186)  (2126,1186)  (2128,1234)  (2128,1282)  (1934,1233)  (1934,1185)  (1982,1185)  (2174,1140)  (2031,1425)  (1983,1425)  (1888,1330)  (1888,1282)  (2175,1330)  (2175,1423)  (2127,1426)  (2079,1426)  (1935,1426)  (1887,1426)  (1887,1378)  (2030,1138)  (2078,1138)  (2126,1138)  (2176,1188)  (2176,1236)  (1886,1234)  (1886,1186)  (1886,1138)  (1934,1137)  (1982,1137)  (2210,1471)  (2031,1473)  (1983,1473)  (2162,1474)  (2114,1474)  (1935,1474)  (1887,1474) 
A-FEZ  (883,2184) 
Atlantic Ocean  (6283,2783)  (6235,2830)  (6235,2782)  (6330,2831)  (6283,2735)  (6331,2735)  (6331,2783)  (6233,2734)  (6282,2878)  (6234,2878)  (6187,2830)  (6187,2782)  (6378,2831)  (6378,2879)  (6330,2879)  (6186,2879)  (6281,2687)  (6329,2687)  (6377,2687)  (6379,2735)  (6379,2783)  (6185,2734)  (6209,2686)  (6425,2680)  (6282,2926)  (6234,2926)  (6426,2831)  (6426,2879)  (6426,2927)  (6378,2927)  (6330,2927)  (6186,2927)  (6427,2728)  (6427,2776)  (6473,2680)  (6474,2824)  (6474,2872)  (6474,2920)  (6474,2968)  (6475,2728)  (6475,2776)  (6521,2680)  (6522,2824)  (6522,2872)  (6522,2920)  (6522,2968)  (6523,2728)  (6523,2776)  (6569,2680)  (6570,2824)  (6570,2872)  (6570,2920)  (6570,2968) 
Unbound Zone 1  (332,2826)  (284,2873)  (284,2825)  (379,2874)  (332,2778)  (380,2778)  (380,2826)  (282,2777)  (331,2921)  (283,2921)  (236,2873)  (236,2825)  (427,2874)  (427,2922)  (379,2922)  (235,2922)  (330,2730)  (378,2730)  (426,2730)  (428,2778)  (428,2826)  (234,2777)  (234,2729)  (282,2729)  (474,2684)  (331,2969)  (283,2969)  (188,2874)  (188,2826)  (475,2874)  (475,2922)  (475,2970)  (427,2970)  (379,2970)  (235,2970)  (187,2970)  (187,2922)  (330,2682)  (378,2682)  (426,2682)  (476,2732)  (476,2780)  (186,2778)  (186,2730)  (186,2682)  (234,2681)  (282,2681)  (522,2651)  (140,2874)  (140,2826)  (523,2828)  (523,2876)  (523,2924)  (523,2972) 
GHA-NAL  (3427,2518) 
Unbound Zone 2  (1953,2687)  (1905,2734)  (1905,2686)  (2000,2735)  (1953,2639)  (2001,2639)  (2001,2687)  (1903,2638)  (1952,2782)  (1904,2782)  (1857,2734)  (1857,2686)  (2048,2735)  (2048,2783)  (2000,2783)  (1856,2783)  (1951,2591)  (1999,2591)  (2047,2591)  (2049,2639)  (2049,2687)  (1855,2638)  (1855,2590)  (1903,2590)  (2095,2545)  (1952,2830)  (1904,2830)  (1809,2735)  (1809,2687)  (2096,2735)  (2096,2783)  (2096,2831)  (2048,2831)  (2000,2831)  (1856,2831)  (1808,2831)  (1808,2783)  (1951,2543)  (1999,2543)  (2047,2543)  (2097,2593)  (2097,2641)  (1807,2639)  (1807,2591)  (1807,2543)  (1855,2542)  (1903,2542)  (2095,2497)  (2143,2497)  (2143,2545)  (1952,2878)  (1904,2878)  (1761,2735)  (1761,2687) 
C-OUE  (2490,1936) 
El Agheila  (4456,2288)  (4408,2335)  (4408,2287)  (4503,2336)  (4456,2240)  (4504,2240)  (4504,2288)  (4406,2239)  (4455,2383)  (4407,2383)  (4360,2335)  (4360,2287)  (4551,2336)  (4551,2384)  (4503,2384)  (4359,2384)  (4454,2192)  (4502,2192)  (4550,2192)  (4552,2240)  (4552,2288)  (4358,2239)  (4358,2191)  (4406,2191)  (4598,2149)  (4455,2431)  (4407,2431)  (4312,2336)  (4312,2288)  (4599,2336)  (4599,2384)  (4599,2432)  (4551,2432)  (4503,2432)  (4359,2432)  (4311,2432)  (4311,2384)  (4454,2144)  (4502,2144)  (4550,2144)  (4600,2197)  (4600,2245)  (4310,2240)  (4310,2192)  (4310,2144)  (4358,2143)  (4406,2143)  (4437,2479)  (4264,2336)  (4264,2288)  (4647,2293)  (4647,2341)  (4647,2389)  (4647,2437) 
MAT-SIW  (5796,2476) 
Oran  (1613,1505)  (1565,1552)  (1565,1504)  (1660,1553)  (1613,1457)  (1661,1457)  (1661,1505)  (1563,1456)  (1612,1600)  (1564,1600)  (1517,1552)  (1517,1504)  (1708,1553)  (1708,1601)  (1660,1601)  (1516,1601)  (1611,1409)  (1659,1409)  (1707,1409)  (1709,1457)  (1709,1505)  (1515,1456)  (1515,1408)  (1563,1408)  (1755,1363)  (1612,1648)  (1564,1648)  (1469,1553)  (1469,1505)  (1756,1553)  (1756,1601)  (1756,1649)  (1708,1649)  (1660,1649)  (1516,1649)  (1468,1649)  (1468,1601)  (1611,1361)  (1659,1361)  (1707,1361)  (1757,1411)  (1757,1459)  (1467,1457)  (1467,1409)  (1467,1361)  (1515,1360)  (1563,1360)  (1755,1315)  (1612,1696)  (1564,1696)  (1421,1509) 
CAI-MAT  (6248,2160) 
BIR-SIW  (5527,2516) 
Jordan  (7410,2011)  (7362,2058)  (7362,2010)  (7452,2059)  (7410,1963)  (7360,1962)  (7404,2106)  (7356,2106)  (7452,2107)  (7408,1915)  (7312,1946)  (7360,1914)  (7300,1898)  (7308,2137)  (7404,2154)  (7356,2154)  (7452,2155)  (7408,1867)  (7348,1866)  (7274,1850)  (7308,2185)  (7404,2202)  (7356,2202)  (7452,2203)  (7396,1819)  (7444,1819)  (7322,1818)  (7308,2233)  (7404,2250)  (7356,2250)  (7452,2251)  (7371,1771)  (7308,2281)  (7404,2298)  (7356,2298)  (7452,2299) 
Sardinia  (3104,271)  (3056,318)  (3056,270)  (3151,319)  (3104,223)  (3152,223)  (3152,271)  (3054,222)  (3103,366)  (3055,366)  (3008,289)  (3174,367)  (3102,175)  (3150,175)  (3006,209)  (3054,174)  (2993,161)  (3007,400)  (3126,414)  (3078,414)  (3102,127)  (3150,127)  (3030,448)  (3099,79)  (3147,79) 
H-SOK  (4048,2810) 
Mareth  (3220,1697)  (3172,1744)  (3172,1696)  (3267,1745)  (3220,1649)  (3268,1649)  (3268,1697)  (3170,1648)  (3219,1792)  (3171,1792)  (3124,1744)  (3124,1696)  (3315,1745)  (3315,1793)  (3267,1793)  (3123,1793)  (3218,1601)  (3266,1601)  (3314,1601)  (3316,1649)  (3316,1697)  (3122,1648)  (3122,1600)  (3170,1600)  (3362,1555)  (3219,1840)  (3171,1840)  (3076,1745)  (3076,1697)  (3363,1745)  (3363,1793)  (3335,1841)  (3287,1841)  (3123,1841)  (3075,1806)  (3223,1553)  (3271,1553)  (3364,1603)  (3364,1651)  (3074,1649)  (3074,1601)  (3074,1553)  (3239,1888)  (3191,1888)  (3411,1699)  (3411,1747)  (3287,1889)  (3143,1889)  (3027,1777)  (3412,1639)  (3026,1683)  (3026,1635)  (3026,1587)  (3026,1539) 
I-JAL  (4913,2802) 
Spain  (1102,324)  (1054,371)  (1054,323)  (1149,372)  (1102,276)  (1150,276)  (1150,324)  (1052,275)  (1101,419)  (1053,419)  (1006,371)  (1006,323)  (1197,372)  (1197,420)  (1149,420)  (1005,420)  (1100,228)  (1148,228)  (1196,228)  (1198,276)  (1198,324)  (1004,275)  (1004,227)  (1052,227)  (1244,182)  (1101,467)  (1053,467)  (958,372)  (958,324)  (1245,372)  (1245,420)  (1245,468)  (1197,468)  (1149,468)  (1005,468)  (957,468)  (957,420)  (1100,180)  (1148,180)  (1196,180)  (1246,230)  (1246,278)  (956,276)  (956,228)  (956,180)  (1004,179)  (1052,179)  (1244,134)  (1292,134)  (1292,182)  (1101,515)  (1053,515)  (910,372)  (910,324) 
Palestine  (7196,1962)  (7243,2010)  (7195,2010)  (7211,1914)  (7278,2058)  (7230,2058)  (7182,2058)  (7255,2106)  (7207,2106)  (7246,2154)  (7320,1749)  (7256,1741)  (7240,2202) 
H-ZEL  (4356,2805) 
Sicily  (3900,786)  (3852,833)  (3852,785)  (3947,834)  (3900,738)  (3948,738)  (3948,786)  (3850,737)  (3804,821)  (3995,834)  (3995,882)  (3947,882)  (3996,704)  (3996,752)  (3802,773)  (3802,725)  (3764,677)  (4043,800)  (4043,848)  (4043,896)  (3995,930)  (4044,691)  (4044,739)  (3754,781)  (3754,733)  (4056,944)  (4092,682)  (3706,779)  (3706,731)  (3658,753) 
CON-KASS  (2588,1250) 
CON-TUN  (2905,1080) 
B-C  (1817,2121) 
Benghazi Convoy I  (4389,1468)  (4436,1516)  (4388,1516)  (4351,1420)  (4399,1420)  (4437,1468)  (4447,1410)  (4484,1516)  (4484,1564)  (4436,1564)  (4388,1564)  (4351,1372)  (4399,1372)  (4485,1458)  (4447,1362) 
Fez  (1069,1690)  (1021,1737)  (1021,1689)  (1116,1738)  (1069,1642)  (1117,1642)  (1117,1690)  (1019,1641)  (1068,1785)  (1020,1785)  (973,1737)  (973,1689)  (1164,1738)  (1164,1786)  (1116,1786)  (972,1786)  (1067,1594)  (1115,1594)  (1163,1594)  (1165,1642)  (1165,1690)  (971,1641)  (971,1593)  (1019,1593)  (1211,1548)  (1068,1833)  (1020,1833)  (925,1738)  (925,1690)  (1212,1738)  (1212,1786)  (1149,1834)  (972,1834)  (924,1834)  (924,1786)  (1067,1546)  (1115,1546)  (1163,1546)  (1213,1596)  (1213,1644)  (923,1642)  (923,1594)  (923,1546)  (971,1545)  (1019,1545)  (1211,1500)  (1259,1500)  (1259,1548)  (1056,1881)  (877,1738)  (877,1690) 
Benghazi Convoy G  (4236,1458)  (4188,1505)  (4188,1457)  (4283,1506)  (4236,1410)  (4284,1410)  (4284,1458)  (4186,1409)  (4235,1553)  (4187,1553)  (4303,1554)  (4234,1362)  (4282,1362)  (4161,1361) 
Casablanca Convoy US  (132,1324)  (84,1371)  (84,1323)  (179,1372)  (132,1276)  (180,1276)  (180,1324)  (82,1275)  (131,1419)  (83,1419)  (227,1372)  (227,1420)  (179,1420)  (130,1228)  (178,1228)  (226,1228)  (228,1276)  (228,1324)  (43,1227) 
A-CAS  (544,2322) 
Qatar Depression  (6073,2548)  (6025,2595)  (6025,2547)  (6120,2596)  (6073,2500)  (6121,2500)  (6121,2548)  (6023,2499)  (6072,2643)  (6024,2643)  (5977,2595)  (5977,2547)  (6168,2596)  (6148,2644)  (5976,2644)  (6071,2452)  (6119,2452)  (6167,2452)  (6169,2500)  (6169,2548)  (5975,2499)  (5975,2451)  (6023,2451)  (6215,2406)  (6100,2691)  (6052,2691)  (5929,2596)  (5929,2548)  (6004,2692)  (5956,2692)  (5928,2644)  (6082,2404)  (6130,2404)  (6217,2454)  (6217,2502)  (6217,2550)  (5927,2500)  (5908,2712)  (6178,2358)  (6226,2358)  (6263,2406)  (6117,2739)  (6069,2739)  (6021,2740)  (5973,2740)  (5880,2654)  (6127,2356)  (6265,2454)  (6274,2347)  (5925,2760)  (6321,2299) 
F-G  (3271,2909) 
ALG-LAG  (2141,1674) 
Suez Canal Convoy  (6940,2436)  (6892,2483)  (6892,2435)  (6987,2484)  (6940,2388)  (6988,2388)  (6988,2436)  (6890,2387)  (7035,2484)  (7036,2352)  (7036,2400) 
Gibraltar  (741,960)  (693,1007)  (693,959)  (788,1008)  (741,912)  (789,912)  (789,960)  (691,911)  (740,1055)  (692,1055)  (645,1007)  (645,959)  (836,1008)  (814,1056)  (739,864)  (787,864)  (837,868)  (837,916)  (643,911)  (661,863) 
BRE-ZEL  (4790,2511) 
Cyprus  (6972,1277)  (6924,1324)  (6983,1325)  (7020,1248)  (6876,1329) 
Desert Zone K  (5865,2908)  (5817,2955)  (5817,2907)  (5912,2956)  (5865,2860)  (5913,2860)  (5913,2908)  (5815,2859)  (5769,2972)  (5769,2924)  (5960,2956)  (5961,2833)  (5961,2881)  (5767,2876)  (5721,2972)  (5721,2924)  (6008,2929)  (6009,2833)  (6009,2881)  (5719,2876)  (5673,2972)  (5673,2924)  (6056,2929)  (6057,2833)  (6057,2881)  (5671,2876)  (5625,2972)  (6104,2929)  (6105,2833)  (6105,2881)  (5623,2840) 
Desert Zone I  (4701,2910)  (4653,2957)  (4653,2909)  (4748,2958)  (4701,2862)  (4749,2862)  (4749,2910)  (4605,2972)  (4605,2924)  (4605,2876)  (4796,2958)  (4797,2833)  (4797,2881)  (4557,2972)  (4557,2924)  (4557,2876)  (4844,2929)  (4845,2833)  (4845,2881)  (4509,2972)  (4509,2924)  (4509,2876)  (4892,2929)  (4893,2872)  (4461,2972)  (4461,2846)  (4940,2968) 
SOK-TRI  (3792,2514) 
Desert Zone J  (5283,2895)  (5235,2942)  (5235,2894)  (5330,2943)  (5283,2847)  (5331,2847)  (5331,2895)  (5233,2846)  (5187,2972)  (5187,2924)  (5378,2943)  (5379,2833)  (5379,2881)  (5185,2876)  (5139,2972)  (5139,2924)  (5426,2929)  (5427,2869)  (5137,2876)  (5091,2972)  (5091,2924)  (5474,2917)  (5474,2965)  (5089,2876)  (5502,2869)  (5043,2972)  (5043,2924)  (5522,2917)  (5522,2965)  (5041,2876)  (5550,2833)  (4995,2972)  (4993,2840) 
Sea Zone 32  (7186,1388)  (7138,1435)  (7138,1387)  (7233,1436)  (7186,1340)  (7234,1340)  (7234,1388)  (7136,1339)  (7185,1483)  (7137,1483)  (7090,1435)  (7090,1387)  (7281,1436)  (7281,1484)  (7233,1484)  (7089,1484)  (7184,1292)  (7232,1292)  (7280,1292)  (7282,1340)  (7282,1388)  (7131,1291)  (7328,1246)  (7185,1531)  (7137,1531)  (7284,1532)  (7236,1532)  (7089,1532)  (7179,1244)  (7227,1244)  (7275,1244)  (7330,1294)  (7330,1342)  (7330,1390)  (7323,1198)  (7188,1579)  (7140,1579)  (7258,1580)  (7092,1580)  (7217,1196)  (7265,1196)  (7053,1174)  (7101,1150)  (7313,1150)  (7210,1627)  (7162,1627)  (7114,1628)  (7066,1628)  (7221,1148)  (7149,1128)  (7053,1126) 
SOK-ZEL  (4286,2650) 
J-K  (5590,2907) 
Bir Hacheim  (5478,2391)  (5430,2438)  (5430,2390)  (5525,2439)  (5478,2343)  (5526,2343)  (5526,2391)  (5428,2342)  (5467,2486)  (5419,2486)  (5382,2438)  (5382,2390)  (5573,2439)  (5531,2295)  (5574,2343)  (5574,2391)  (5380,2342)  (5380,2294)  (5579,2290)  (5371,2493)  (5592,2487)  (5334,2445)  (5334,2397)  (5621,2439)  (5622,2338)  (5622,2386)  (5332,2349)  (5332,2301)  (5627,2287)  (5640,2487)  (5286,2411)  (5669,2434)  (5670,2335)  (5670,2383)  (5675,2287) 
Sea Zone 30  (6621,1265)  (6573,1312)  (6573,1264)  (6668,1313)  (6621,1217)  (6669,1217)  (6669,1265)  (6571,1216)  (6620,1360)  (6572,1360)  (6525,1312)  (6525,1264)  (6716,1313)  (6716,1361)  (6668,1361)  (6524,1361)  (6619,1169)  (6667,1169)  (6715,1169)  (6717,1217)  (6717,1265)  (6523,1216)  (6523,1168)  (6571,1168)  (6763,1123)  (6620,1408)  (6572,1408)  (6477,1313)  (6477,1265)  (6764,1313)  (6764,1361)  (6764,1409)  (6716,1409)  (6668,1409)  (6524,1409)  (6476,1409)  (6476,1361)  (6619,1121)  (6667,1121)  (6715,1121)  (6765,1171)  (6765,1219)  (6475,1217)  (6475,1169)  (6475,1121)  (6523,1120)  (6571,1120)  (6763,1075)  (6811,1104)  (6620,1456)  (6572,1456)  (6429,1313)  (6429,1265) 
Sea Zone 31  (6724,1725)  (6676,1772)  (6676,1724)  (6771,1773)  (6724,1677)  (6772,1677)  (6772,1725)  (6674,1676)  (6723,1820)  (6675,1820)  (6628,1772)  (6628,1724)  (6819,1773)  (6819,1821)  (6771,1821)  (6627,1821)  (6722,1629)  (6770,1629)  (6818,1629)  (6820,1677)  (6820,1725)  (6626,1676)  (6626,1628)  (6674,1628)  (6866,1588)  (6723,1868)  (6675,1868)  (6580,1773)  (6580,1725)  (6867,1773)  (6867,1821)  (6867,1869)  (6819,1869)  (6771,1869)  (6627,1869)  (6579,1869)  (6579,1821)  (6868,1636)  (6868,1684)  (6578,1677)  (6578,1629)  (6914,1588)  (6723,1916)  (6532,1773)  (6532,1725)  (6915,1732)  (6915,1780)  (6915,1828)  (6915,1876)  (6794,1917)  (6559,1917)  (6531,1869)  (6531,1821) 
Tunis Convoy G  (3026,695)  (2978,742)  (2978,694)  (3073,743)  (3026,647)  (3074,647)  (3074,695)  (2976,646)  (3025,790)  (2977,790)  (3121,743)  (3121,791)  (3073,791)  (3122,608)  (3122,656) 
Ghadames  (3472,2659)  (3424,2706)  (3424,2658)  (3519,2707)  (3472,2611)  (3520,2611)  (3520,2659)  (3422,2610)  (3441,2754)  (3393,2754)  (3376,2706)  (3376,2658)  (3567,2707)  (3567,2755)  (3479,2563)  (3527,2563)  (3568,2611)  (3568,2659)  (3374,2610)  (3575,2556)  (3364,2562)  (3345,2785)  (3328,2737)  (3328,2689)  (3615,2707)  (3615,2755)  (3616,2604)  (3616,2652)  (3326,2641)  (3316,2593)  (3316,2545)  (3663,2713)  (3663,2761)  (3664,2580)  (3278,2686) 
Tunis Convoy I  (3294,701)  (3246,748)  (3246,700)  (3341,749)  (3294,653)  (3342,653)  (3342,701)  (3244,652)  (3198,793)  (3198,745)  (3389,749)  (3390,608)  (3390,656) 
E-NAL  (3218,2409) 
Yugoslavia  (5101,4)  (5053,51)  (5053,3)  (5130,52)  (5149,0)  (5005,76)  (5005,28)  (5197,0)  (5245,0) 
Saudi-Arabia  (7396,2517)  (7348,2564)  (7348,2516)  (7443,2565)  (7396,2469)  (7444,2469)  (7444,2517)  (7346,2468)  (7395,2612)  (7347,2612)  (7300,2564)  (7300,2516)  (7452,2613)  (7394,2421)  (7442,2421)  (7298,2468)  (7298,2420)  (7346,2420)  (7404,2660)  (7356,2660)  (7452,2661)  (7250,2506)  (7250,2458)  (7264,2372)  (7404,2708)  (7452,2709) 
BIR-BRE  (5224,2448) 
Zella  (4559,2656)  (4511,2703)  (4511,2655)  (4606,2704)  (4559,2608)  (4607,2608)  (4607,2656)  (4509,2607)  (4558,2751)  (4510,2751)  (4463,2703)  (4463,2655)  (4654,2704)  (4462,2752)  (4557,2560)  (4605,2560)  (4653,2560)  (4655,2608)  (4655,2656)  (4461,2607)  (4439,2559)  (4680,2752)  (4701,2541)  (4415,2704)  (4415,2656)  (4702,2704)  (4414,2774)  (4703,2589)  (4703,2637)  (4413,2608)  (4391,2560)  (4728,2752)  (4367,2726)  (4367,2678)  (4750,2685)  (4751,2578)  (4751,2626)  (4365,2630)  (4343,2582)  (4776,2733)  (4776,2781)  (4319,2746)  (4799,2581)  (4824,2718)  (4824,2766) 
BIR-JAL  (5290,2511) 
Indian Ocean Convoy  (7131,2835)  (7083,2882)  (7083,2834)  (7178,2883)  (7131,2787)  (7179,2787)  (7179,2835)  (7081,2786)  (7226,2883)  (7227,2762)  (7227,2810) 
F-GHA  (3257,2746) 
J-SIW  (5467,2813) 
Atlantic Ocean Convoy  (6540,2818)  (6492,2865)  (6492,2817)  (6587,2866)  (6540,2770)  (6588,2770)  (6588,2818)  (6490,2769)  (6539,2913)  (6491,2913)  (6635,2866)  (6635,2914)  (6587,2914)  (6636,2759)  (6636,2807) 
El Oued  (2714,1726)  (2666,1773)  (2666,1725)  (2761,1774)  (2714,1678)  (2762,1678)  (2762,1726)  (2664,1677)  (2713,1821)  (2665,1821)  (2618,1773)  (2618,1725)  (2809,1774)  (2809,1822)  (2761,1822)  (2617,1822)  (2712,1630)  (2760,1630)  (2808,1630)  (2810,1678)  (2810,1726)  (2616,1677)  (2616,1629)  (2664,1629)  (2856,1607)  (2713,1869)  (2665,1869)  (2570,1774)  (2570,1726)  (2857,1774)  (2857,1822)  (2857,1870)  (2809,1870)  (2761,1870)  (2617,1870)  (2569,1870)  (2569,1822)  (2712,1582)  (2760,1582)  (2808,1582)  (2858,1655)  (2858,1703)  (2568,1678)  (2568,1630)  (2568,1582)  (2616,1581)  (2664,1581)  (2522,1774)  (2522,1726)  (2905,1751)  (2905,1799)  (2905,1847)  (2905,1895) 
LAG-KAS  (2329,1506) 
Tobruk  (5475,2011)  (5427,2058)  (5427,2010)  (5522,2059)  (5475,1963)  (5523,1963)  (5523,2011)  (5425,1962)  (5474,2106)  (5426,2106)  (5379,2058)  (5379,2010)  (5570,2059)  (5570,2107)  (5522,2107)  (5378,2107)  (5473,1915)  (5521,1915)  (5569,1915)  (5571,1963)  (5571,2011)  (5377,1962)  (5377,1914)  (5425,1914)  (5617,1880)  (5474,2154)  (5426,2154)  (5331,2059)  (5331,2011)  (5618,2059)  (5618,2107)  (5618,2155)  (5570,2155)  (5522,2155)  (5378,2155)  (5330,2155)  (5330,2107)  (5473,1867)  (5619,1928)  (5619,1976)  (5329,1963)  (5329,1915)  (5329,1867)  (5377,1866)  (5425,1866)  (5435,2202)  (5283,2059)  (5666,2024)  (5666,2131)  (5666,2179)  (5618,2203)  (5570,2203)  (5522,2203)  (5387,2203)  (5339,2203)  (5291,2203)  (5282,2155)  (5282,2107)  (5282,1819) 
LAG-ORA  (1821,1777) 
Indian Ocean  (6914,2787)  (6866,2783)  (6961,2835)  (6913,2835)  (6914,2739)  (6962,2739)  (6962,2787)  (6861,2735)  (6865,2858)  (7009,2835)  (7009,2883)  (6961,2883)  (6913,2883)  (6817,2883)  (6909,2691)  (6957,2691)  (7005,2691)  (7010,2739)  (7010,2787)  (6814,2687)  (6865,2906)  (7053,2680)  (7057,2835)  (7057,2883)  (7057,2931)  (7009,2931)  (6961,2931)  (6913,2931)  (6817,2931)  (7058,2728)  (7058,2776)  (6865,2954)  (7101,2680)  (7105,2824)  (7105,2872)  (7105,2920)  (7105,2968)  (7106,2728)  (7106,2776)  (7149,2680)  (7153,2824)  (7153,2872)  (7153,2920)  (7153,2968)  (7154,2728)  (7154,2776)  (7197,2680)  (7201,2824)  (7201,2872)  (7201,2920)  (7201,2968) 
Oran Convoy US  (1618,825)  (1665,873)  (1617,873)  (1586,777)  (1634,777)  (1666,825)  (1676,921)  (1628,921)  (1586,729)  (1634,729) 
Sokna  (3979,2653)  (3931,2700)  (3931,2652)  (4026,2701)  (3979,2605)  (4027,2605)  (4027,2653)  (3929,2604)  (3978,2748)  (3930,2748)  (3883,2700)  (3883,2652)  (4074,2701)  (3882,2749)  (4067,2557)  (4075,2605)  (4075,2653)  (3881,2604)  (3881,2556)  (3929,2556)  (4092,2749)  (4115,2541)  (3835,2701)  (3835,2653)  (4122,2701)  (3834,2773)  (4123,2589)  (4123,2637)  (3833,2605)  (4140,2749)  (3787,2725)  (3787,2677)  (4170,2685)  (4171,2570)  (4171,2618)  (3785,2629)  (3785,2581)  (4188,2733)  (4188,2781)  (3739,2746)  (4218,2666)  (4219,2580)  (3737,2595)  (4236,2714)  (4236,2762) 
AGH-SOK  (4216,2515) 
Albania  (4853,109)  (4805,156)  (4805,108)  (4900,157)  (4853,61)  (4901,61)  (4901,109)  (4803,60)  (4852,204)  (4804,204)  (4948,157)  (4947,205)  (4851,13)  (4899,13)  (4780,12)  (4899,252)  (4851,252)  (4868,300) 
CAS-FEZ  (806,1779) 
ALG-CON  (2239,1089) 
A-B  (1010,2240) 
MAR-TRI  (3464,1797) 
Italy  (4067,47)  (4019,94)  (4019,46)  (4114,95)  (4115,0)  (4066,142)  (4018,142)  (3971,94)  (3971,46)  (4162,48)  (4162,96)  (4114,143)  (4163,0)  (4163,144)  (4066,190)  (3923,117)  (3923,69)  (3923,21)  (4210,48)  (4210,96)  (4115,191)  (4211,144)  (4211,192)  (4163,192)  (4067,238)  (3875,32)  (4258,55)  (4115,239)  (4259,103)  (4259,151)  (4259,199)  (4211,240)  (4163,240)  (4266,247)  (3827,21)  (4307,75)  (4307,123)  (4307,171)  (4218,288)  (4170,288)  (4314,219)  (4292,295)  (3779,16)  (4355,96)  (4355,144)  (4244,336)  (4292,349)  (4403,132)  (4403,180)  (4244,384)  (4331,397) 
Oran Convoy UK  (1764,835)  (1811,883)  (1763,883)  (1724,787)  (1772,787)  (1812,835)  (1814,931)  (1766,931)  (1724,739)  (1772,739) 
E-F  (2981,2688) 
AGH-ZEL  (4491,2516) 
BEN-TOB  (5223,1989) 
Sea Zone 18  (4543,27)  (4495,74)  (4495,26)  (4590,75)  (4591,0)  (4447,81)  (4447,33)  (4638,48)  (4638,96)  (4590,123)  (4639,0)  (4659,144)  (4399,47)  (4686,48)  (4686,96)  (4611,171)  (4687,0)  (4707,144)  (4702,192)  (4351,23)  (4303,7) 
Sea Zone 19  (4791,804)  (4743,851)  (4743,803)  (4838,852)  (4791,756)  (4839,756)  (4839,804)  (4741,755)  (4790,899)  (4742,899)  (4695,851)  (4695,803)  (4886,852)  (4886,900)  (4838,900)  (4694,900)  (4789,708)  (4837,708)  (4887,718)  (4887,766)  (4693,755)  (4693,707)  (4741,707)  (4790,947)  (4742,947)  (4934,814)  (4934,862)  (4934,910)  (4886,948)  (4838,948)  (4694,948)  (4789,660)  (4837,660)  (4935,729)  (4689,659)  (4737,659)  (4944,958)  (4885,631)  (4982,777)  (4982,825)  (4982,873)  (4785,612)  (4833,612)  (4689,611)  (4737,611)  (4992,921)  (4992,969)  (5030,818)  (5030,866)  (5040,914)  (5040,962) 
Sea Zone 16  (4403,752)  (4355,799)  (4355,751)  (4450,800)  (4403,704)  (4451,704)  (4451,752)  (4353,703)  (4402,847)  (4354,847)  (4307,799)  (4307,751)  (4498,800)  (4498,848)  (4450,848)  (4306,848)  (4401,656)  (4449,656)  (4497,656)  (4499,704)  (4499,752)  (4305,703)  (4336,655)  (4545,610)  (4402,895)  (4354,895)  (4259,800)  (4259,752)  (4546,800)  (4546,848)  (4546,896)  (4498,896)  (4450,896)  (4306,896)  (4258,882)  (4384,608)  (4432,608)  (4480,608)  (4547,658)  (4547,706)  (4593,602)  (4402,943)  (4354,943)  (4211,834)  (4211,786)  (4594,754)  (4594,802)  (4594,850)  (4594,898)  (4546,944)  (4498,944)  (4450,944)  (4306,944)  (4210,882) 
Sea Zone 17  (4583,422)  (4535,469)  (4535,421)  (4630,470)  (4617,374)  (4631,422)  (4533,373)  (4665,340)  (4582,517)  (4534,517)  (4487,469)  (4487,421)  (4678,470)  (4678,518)  (4630,518)  (4486,518)  (4679,388)  (4485,373)  (4484,325)  (4649,292)  (4697,292)  (4713,340)  (4439,470)  (4439,422)  (4726,436)  (4726,484)  (4726,532)  (4438,554)  (4727,388)  (4437,374)  (4437,277)  (4436,326)  (4761,302)  (4774,436)  (4774,484)  (4774,532)  (4390,554)  (4389,278)  (4388,366)  (4822,465)  (4822,513)  (4870,469)  (4870,517)  (4918,505) 
Constantine  (2569,1090)  (2521,1137)  (2521,1089)  (2616,1138)  (2569,1042)  (2617,1042)  (2617,1090)  (2519,1041)  (2568,1185)  (2520,1185)  (2473,1137)  (2473,1089)  (2664,1138)  (2664,1186)  (2616,1186)  (2472,1186)  (2567,994)  (2615,994)  (2663,994)  (2665,1042)  (2665,1090)  (2471,1041)  (2471,993)  (2519,993)  (2711,948)  (2425,1138)  (2425,1090)  (2712,1138)  (2712,1186)  (2424,1231)  (2713,996)  (2713,1044)  (2423,1042)  (2423,994)  (2402,946)  (2759,937)  (2377,1183)  (2377,1135)  (2760,1092)  (2760,1140)  (2760,1188)  (2376,1231)  (2761,985)  (2761,1033)  (2375,1087)  (2375,1039)  (2354,991)  (2354,943)  (2807,924)  (2329,1183)  (2329,1135) 
GHA-SOK  (3709,2657) 
BIR-TOB  (5466,2268) 
D-OUE  (2830,1937) 
B-FEZ  (1121,1905) 
I-J  (4963,2903) 
Sea Zone 10  (3577,94)  (3529,141)  (3529,93)  (3624,142)  (3577,46)  (3625,46)  (3625,94)  (3527,45)  (3576,189)  (3528,189)  (3481,141)  (3481,93)  (3672,142)  (3672,190)  (3624,190)  (3480,190)  (3673,37)  (3673,85)  (3479,45)  (3576,237)  (3528,237)  (3433,142)  (3433,94)  (3720,133)  (3720,181)  (3720,229)  (3672,238)  (3624,238)  (3480,238)  (3432,238)  (3432,190)  (3721,74)  (3431,46)  (3759,277)  (3385,142)  (3385,94)  (3768,122)  (3768,170)  (3768,218)  (3384,281)  (3384,233)  (3383,46)  (3786,74)  (3807,266)  (3816,122)  (3816,170)  (3816,218)  (3855,266)  (3864,189)  (3903,237)  (3951,220)  (3951,268) 
Sea Zone 11  (3807,438)  (3759,485)  (3759,437)  (3854,486)  (3807,390)  (3855,390)  (3855,438)  (3757,389)  (3806,533)  (3758,533)  (3711,485)  (3711,437)  (3902,486)  (3902,534)  (3854,534)  (3805,342)  (3853,342)  (3901,342)  (3903,390)  (3903,438)  (3709,389)  (3709,341)  (3757,341)  (3949,329)  (3806,581)  (3758,581)  (3663,530)  (3663,482)  (3950,486)  (3950,534)  (3950,582)  (3902,582)  (3854,582)  (3951,377)  (3951,425)  (3661,434)  (3661,386)  (3661,338)  (3997,329)  (3615,530)  (3615,482)  (3998,473)  (3998,521)  (3998,569)  (3998,617)  (3950,630)  (3902,630)  (3854,630)  (3999,377)  (3999,425)  (3613,434)  (3613,386)  (3613,338) 
Malta Convoy  (3643,1128)  (3595,1175)  (3595,1127)  (3690,1176)  (3643,1080)  (3691,1080)  (3691,1128)  (3593,1079) 
Sea Zone 14  (4259,1770)  (4211,1817)  (4211,1769)  (4306,1818)  (4259,1722)  (4307,1722)  (4307,1770)  (4209,1721)  (4258,1865)  (4210,1865)  (4163,1817)  (4163,1769)  (4354,1818)  (4354,1866)  (4306,1866)  (4162,1866)  (4257,1674)  (4305,1674)  (4353,1674)  (4355,1722)  (4355,1770)  (4161,1721)  (4161,1673)  (4209,1673)  (4401,1664)  (4258,1913)  (4210,1913)  (4402,1818)  (4402,1866)  (4402,1914)  (4354,1914)  (4306,1914)  (4403,1712)  (4403,1760)  (4258,1961)  (4403,1962)  (4355,1962)  (4307,1962) 
Sea Zone 15  (4275,1020)  (4275,1068)  (4275,1116)  (4275,1164)  (4275,1212)  (4275,1260)  (4323,1020)  (4323,1068)  (4323,1116)  (4323,1164)  (4323,1212)  (4323,1260)  (4371,1020)  (4371,1068)  (4371,1116)  (4371,1164)  (4371,1212)  (4371,1260)  (4419,1020)  (4419,1068)  (4419,1116)  (4419,1164)  (4419,1212)  (4419,1260)  (4467,1020)  (4467,1068)  (4467,1116)  (4467,1164)  (4467,1212)  (4467,1260)  (4515,1020)  (4515,1068)  (4515,1116)  (4515,1164)  (4515,1212)  (4515,1260) 
ALG-ORA  (1824,1369) 
Sea Zone 12  (3355,1065)  (3403,1041)  (3403,1089)  (3435,993)  (3440,1137)  (3443,1185)  (3450,910)  (3451,1041)  (3451,1089)  (3453,1233)  (3483,958)  (3488,1137)  (3491,1185)  (3498,910)  (3499,1006)  (3499,1054)  (3501,1233)  (3531,958)  (3536,1102)  (3546,910)  (3549,1236)  (3579,958)  (3594,910)  (3597,1236)  (3627,958)  (3642,910)  (3645,1236)  (3675,958)  (3690,910)  (3693,1236)  (3723,958)  (3724,836)  (3738,884)  (3741,1006)  (3741,1054)  (3741,1102)  (3741,1150)  (3741,1198)  (3741,1246)  (3771,932)  (3786,884)  (3789,980)  (3789,1028)  (3789,1076)  (3789,1124)  (3789,1172)  (3789,1220)  (3819,932)  (3837,980)  (3837,1234)  (3867,914) 
ALG-KAS  (2228,1379) 
Malta  (3956,1107)  (3908,1154)  (3908,1106)  (4003,1155)  (3956,1059)  (4004,1059)  (4004,1107)  (3906,1058)  (3955,1202)  (3907,1202)  (3860,1151)  (4004,1203)  (3954,1011)  (4052,1081)  (4052,1129)  (3858,1103) 
Sea Zone 13  (3288,1460)  (3336,1421)  (3336,1469)  (3384,1396)  (3384,1444)  (3422,1347)  (3432,1395)  (3432,1443)  (3441,1491)  (3447,1539)  (3458,1587)  (3470,1306)  (3480,1354)  (3480,1402)  (3489,1450)  (3495,1498)  (3506,1546)  (3506,1594)  (3518,1306)  (3528,1354)  (3528,1402)  (3537,1450)  (3543,1498)  (3554,1546)  (3554,1594)  (3566,1306)  (3602,1644)  (3650,1644)  (3698,1644)  (3833,1644)  (3881,1644)  (3929,1644)  (3949,1692)  (3977,1644)  (3997,1692)  (4013,1740)  (4025,1644)  (4045,1692)  (4061,1740)  (4068,1306)  (4068,1354)  (4068,1402)  (4068,1450)  (4068,1498)  (4068,1546)  (4068,1594) 
FEZ-ORA  (1375,1563) 
B-LAG  (1818,1884) 
Kasserine Pass  (2649,1367)  (2601,1414)  (2601,1366)  (2696,1415)  (2649,1319)  (2697,1319)  (2697,1367)  (2599,1318)  (2584,1462)  (2553,1414)  (2553,1366)  (2744,1415)  (2744,1463)  (2745,1279)  (2745,1327)  (2551,1318)  (2536,1479)  (2505,1431)  (2505,1383)  (2792,1375)  (2792,1423)  (2792,1471)  (2793,1279)  (2793,1327)  (2503,1335)  (2503,1287)  (2488,1484)  (2457,1436)  (2457,1388)  (2840,1375)  (2840,1423)  (2840,1471)  (2841,1279)  (2841,1327)  (2455,1340)  (2455,1292)  (2440,1484)  (2409,1436)  (2409,1388)  (2888,1375)  (2888,1423)  (2888,1471)  (2889,1279)  (2889,1327)  (2407,1340)  (2407,1292)  (2361,1444)  (2361,1396)  (2936,1375)  (2936,1423)  (2937,1287) 
Unknown Sea Zone 1  (6473,10)  (6425,18)  (6521,0)  (6377,12)  (6569,0)  (6617,0)  (6665,0) 
MAR-OUE  (2972,1732) 
Tripoli  (3695,2043)  (3647,2090)  (3647,2042)  (3742,2091)  (3695,1995)  (3743,1995)  (3743,2043)  (3645,1994)  (3694,2138)  (3646,2138)  (3599,2090)  (3599,2042)  (3790,2091)  (3790,2139)  (3742,2139)  (3598,2139)  (3693,1947)  (3741,1947)  (3789,1947)  (3791,1995)  (3791,2043)  (3597,1994)  (3597,1946)  (3645,1946)  (3837,1901)  (3694,2186)  (3646,2186)  (3551,2091)  (3551,2043)  (3838,2166)  (3790,2187)  (3742,2187)  (3598,2187)  (3550,2187)  (3550,2139)  (3693,1899)  (3741,1899)  (3789,1899)  (3839,1949)  (3839,1997)  (3549,1995)  (3549,1947)  (3549,1899)  (3597,1898)  (3645,1898)  (3850,2214)  (3837,1853)  (3694,2234)  (3646,2234)  (3503,2078)  (3802,2235)  (3754,2235)  (3598,2235) 
GSB  (206,882) 
KAS-TUN  (3011,1338) 
BIR-MAT  (5740,2368) 
J-JAL  (5146,2810) 
GHA-TRI  (3651,2513) 
Sea Zone 29  (6237,1770)  (6189,1817)  (6189,1769)  (6284,1818)  (6237,1722)  (6285,1722)  (6285,1770)  (6187,1721)  (6236,1865)  (6188,1865)  (6141,1817)  (6141,1769)  (6332,1818)  (6332,1866)  (6284,1866)  (6140,1866)  (6235,1674)  (6283,1674)  (6331,1674)  (6333,1722)  (6333,1770)  (6139,1721)  (6139,1673)  (6187,1673)  (6379,1628)  (6236,1913)  (6188,1913)  (6093,1818)  (6093,1770)  (6380,1818)  (6380,1866)  (6380,1914)  (6332,1914)  (6284,1914)  (6140,1914)  (6092,1914)  (6092,1866)  (6235,1626)  (6283,1626)  (6331,1626)  (6381,1676)  (6381,1724)  (6091,1722)  (6091,1674)  (6091,1626)  (6139,1625)  (6187,1625)  (6427,1588)  (6236,1961)  (6188,1961)  (6045,1818)  (6045,1770) 
Sea Zone 27  (5619,374)  (5571,421)  (5571,373)  (5666,422)  (5619,326)  (5667,326)  (5667,374)  (5569,325)  (5618,469)  (5570,469)  (5523,421)  (5523,373)  (5714,422)  (5714,470)  (5666,470)  (5522,470)  (5617,278)  (5665,278)  (5713,278)  (5715,326)  (5715,374)  (5761,232)  (5618,517)  (5570,517)  (5475,410)  (5762,518)  (5714,518)  (5666,518)  (5522,518)  (5587,230)  (5635,230)  (5683,230)  (5763,280)  (5763,328)  (5763,376)  (5731,184)  (5779,184)  (5427,418)  (5652,182)  (5536,179)  (5827,178)  (5397,370)  (5875,156)  (5337,305) 
NAL-TRI  (3459,2136) 
Sea Zone 28  (6104,1262)  (6056,1309)  (6056,1261)  (6151,1310)  (6104,1214)  (6152,1214)  (6152,1262)  (6054,1213)  (6103,1357)  (6055,1357)  (6008,1309)  (6008,1261)  (6199,1310)  (6199,1358)  (6151,1358)  (6007,1358)  (6102,1166)  (6150,1166)  (6198,1166)  (6200,1214)  (6200,1262)  (6006,1213)  (6006,1165)  (6054,1165)  (6246,1120)  (6103,1405)  (6055,1405)  (5960,1310)  (5960,1262)  (6247,1310)  (6247,1358)  (6247,1406)  (6199,1406)  (6151,1406)  (6007,1406)  (5959,1406)  (5959,1358)  (6157,1118)  (6248,1168)  (6248,1216)  (5958,1214)  (5958,1166)  (5958,1118)  (6006,1117)  (6054,1117)  (6205,1072)  (6253,1072)  (6294,1120)  (6103,1453)  (6055,1453)  (5912,1310)  (5912,1262) 
Mersa Brega  (4937,2332)  (4889,2379)  (4889,2331)  (4984,2380)  (4937,2284)  (4985,2294)  (4887,2283)  (4936,2427)  (4888,2427)  (4841,2379)  (4841,2331)  (5032,2342)  (5032,2390)  (4984,2428)  (4840,2428)  (4935,2236)  (4839,2283)  (4839,2235)  (4887,2235)  (5042,2438)  (4936,2475)  (4888,2475)  (4793,2380)  (4793,2332)  (5080,2317)  (5080,2365)  (4792,2454)  (4791,2284)  (4791,2236)  (4791,2188)  (4839,2187)  (4887,2187)  (5090,2413)  (5090,2461)  (5128,2353)  (4839,2139)  (5138,2401)  (5138,2449) 
D-MAR  (3135,2059) 
I-ZEL  (4637,2803) 
Siwa  (5587,2654)  (5539,2701)  (5539,2653)  (5634,2702)  (5587,2606)  (5635,2606)  (5635,2654)  (5537,2605)  (5586,2749)  (5538,2749)  (5491,2701)  (5491,2653)  (5682,2702)  (5682,2750)  (5634,2750)  (5589,2558)  (5637,2558)  (5683,2606)  (5683,2654)  (5489,2605)  (5685,2556)  (5470,2557)  (5443,2745)  (5443,2697)  (5730,2702)  (5731,2604)  (5731,2652)  (5441,2649)  (5733,2541)  (5422,2601)  (5422,2553)  (5769,2750)  (5395,2785)  (5395,2737)  (5778,2700)  (5779,2589)  (5779,2637)  (5393,2689)  (5374,2641)  (5374,2593)  (5374,2545)  (5817,2748)  (5826,2685)  (5827,2545)  (5827,2593) 
Sea Zone 21  (4607,1795)  (4559,1842)  (4559,1794)  (4654,1843)  (4607,1747)  (4655,1747)  (4655,1795)  (4557,1746)  (4606,1890)  (4558,1890)  (4511,1842)  (4511,1794)  (4702,1843)  (4702,1891)  (4654,1891)  (4510,1891)  (4605,1699)  (4653,1699)  (4701,1699)  (4703,1747)  (4703,1795)  (4509,1746)  (4509,1698)  (4557,1698)  (4749,1664)  (4606,1938)  (4558,1938)  (4463,1843)  (4463,1795)  (4750,1843)  (4750,1891)  (4750,1939)  (4702,1939)  (4654,1939)  (4510,1939)  (4462,1939)  (4462,1891)  (4751,1712)  (4751,1760)  (4461,1747)  (4461,1699)  (4606,1986)  (4558,1986)  (4758,1987)  (4710,1987)  (4662,1987)  (4510,1987)  (4462,1987)  (4614,2034)  (4566,2034)  (4758,2035)  (4710,2035)  (4662,2035) 
Sea Zone 22  (4998,1640)  (4950,1687)  (4950,1639)  (4998,1592)  (5046,1592)  (5046,1640)  (4948,1591)  (4902,1727)  (4902,1679)  (5094,1588)  (5094,1636)  (4900,1631)  (4854,1760)  (4854,1712)  (5142,1588)  (5142,1636)  (4852,1664)  (4825,1809)  (4806,1761)  (4806,1713)  (5190,1588)  (5190,1636)  (5214,1684)  (5238,1588)  (5238,1636)  (4806,1936)  (4828,1984)  (4839,2032) 
BEN-BRE  (5030,2234) 
Sea Zone 20  (4706,1203)  (4658,1250)  (4658,1202)  (4753,1251)  (4706,1155)  (4754,1155)  (4754,1203)  (4656,1154)  (4705,1298)  (4657,1298)  (4610,1250)  (4610,1202)  (4801,1251)  (4801,1299)  (4753,1299)  (4609,1299)  (4704,1107)  (4752,1107)  (4800,1107)  (4802,1155)  (4802,1203)  (4608,1154)  (4608,1106)  (4656,1106)  (4848,1061)  (4705,1346)  (4657,1346)  (4849,1251)  (4849,1299)  (4849,1347)  (4801,1347)  (4753,1347)  (4609,1347)  (4704,1059)  (4752,1059)  (4800,1059)  (4850,1109)  (4850,1157)  (4573,1058)  (4621,1058)  (4705,1394)  (4657,1394)  (4892,1395)  (4844,1395)  (4796,1395)  (4609,1395)  (4748,1442)  (4700,1442)  (4892,1443)  (4844,1443)  (4796,1443)  (4652,1443)  (4604,1443) 
Sea Zone 25  (5536,1435)  (5488,1482)  (5488,1434)  (5583,1483)  (5584,1411)  (5486,1386)  (5535,1530)  (5487,1530)  (5440,1482)  (5440,1434)  (5631,1459)  (5631,1507)  (5583,1531)  (5439,1531)  (5632,1406)  (5438,1386)  (5392,1483)  (5392,1435)  (5392,1338)  (5679,1454)  (5679,1502)  (5391,1540)  (5680,1403)  (5390,1387)  (5727,1451)  (5727,1499)  (5728,1396)  (5775,1444)  (5775,1492)  (5775,1540)  (5776,1394) 
Spanish Morocco  (883,1267)  (835,1314)  (835,1266)  (930,1315)  (883,1219)  (931,1219)  (931,1267)  (833,1218)  (882,1362)  (787,1348)  (787,1300)  (978,1315)  (979,1206)  (979,1254)  (785,1252)  (785,1204)  (771,1156)  (739,1326)  (1026,1302)  (1027,1216)  (737,1278)  (737,1230)  (723,1182)  (1074,1264)  (1074,1312)  (689,1310)  (1122,1250)  (1122,1298)  (1170,1278)  (1170,1326)  (1218,1286)  (1266,1290) 
Sea Zone 26  (5561,961)  (5513,1008)  (5513,960)  (5608,1009)  (5561,913)  (5609,913)  (5609,961)  (5511,912)  (5560,1056)  (5512,1056)  (5465,1008)  (5465,960)  (5656,1009)  (5656,1057)  (5608,1057)  (5464,1057)  (5559,865)  (5607,865)  (5655,865)  (5657,913)  (5657,961)  (5463,912)  (5463,864)  (5511,864)  (5703,819)  (5560,1104)  (5512,1104)  (5417,1009)  (5417,961)  (5704,1009)  (5704,1057)  (5704,1105)  (5656,1105)  (5608,1105)  (5464,1105)  (5416,1105)  (5416,1057)  (5559,817)  (5607,817)  (5655,817)  (5705,867)  (5705,915)  (5415,913)  (5454,816)  (5502,816)  (5703,771)  (5751,771)  (5751,819)  (5560,1152)  (5512,1152)  (5752,963)  (5752,1011)  (5752,1059)  (5752,1107) 
Sea Zone 23  (5137,1271)  (5089,1318)  (5089,1270)  (5184,1319)  (5137,1223)  (5185,1223)  (5185,1271)  (5087,1222)  (5136,1366)  (5088,1366)  (5041,1318)  (5041,1270)  (5232,1319)  (5232,1367)  (5184,1367)  (5040,1367)  (5135,1175)  (5183,1175)  (5231,1175)  (5233,1223)  (5233,1271)  (5039,1222)  (5039,1174)  (5087,1174)  (5279,1129)  (5136,1414)  (5088,1414)  (4993,1319)  (4993,1271)  (5280,1319)  (5280,1367)  (5280,1415)  (5232,1415)  (5184,1415)  (5040,1415)  (4992,1415)  (4992,1367)  (5135,1127)  (5183,1127)  (5231,1127)  (5281,1177)  (5281,1225)  (4991,1223)  (4991,1175)  (4991,1127)  (5039,1126)  (5087,1126)  (5136,1462)  (5088,1462)  (4945,1319)  (4945,1271) 
Sirte  (4043,2179)  (3995,2226)  (3995,2178)  (4090,2227)  (4043,2131)  (4091,2131)  (4091,2179)  (3993,2130)  (4042,2274)  (3994,2274)  (3947,2226)  (3947,2178)  (4138,2227)  (4138,2275)  (4090,2275)  (3946,2275)  (4041,2083)  (4089,2083)  (4137,2083)  (4139,2131)  (4139,2179)  (3945,2130)  (3945,2082)  (3993,2082)  (4185,2037)  (4042,2322)  (3994,2322)  (3899,2227)  (3899,2179)  (4186,2280)  (4138,2323)  (4090,2323)  (3946,2323)  (3898,2323)  (3898,2275)  (4041,2035)  (4089,2035)  (4137,2035)  (4187,2085)  (4187,2133)  (3898,2034)  (3946,2034)  (4191,2328)  (4042,2370)  (3994,2370)  (4143,2371)  (4095,2371)  (3946,2371)  (3898,2371)  (3994,1987)  (4042,1987)  (4090,1987)  (4138,1987) 
Sea Zone 24  (5627,1686)  (5579,1733)  (5579,1685)  (5674,1734)  (5627,1638)  (5675,1638)  (5675,1686)  (5577,1637)  (5626,1781)  (5578,1781)  (5531,1733)  (5531,1685)  (5722,1734)  (5722,1782)  (5674,1782)  (5530,1782)  (5625,1590)  (5673,1590)  (5721,1590)  (5723,1638)  (5723,1686)  (5529,1637)  (5529,1589)  (5577,1589)  (5769,1588)  (5483,1734)  (5483,1686)  (5770,1734)  (5770,1782)  (5770,1830)  (5722,1830)  (5482,1784)  (5771,1636)  (5771,1684)  (5481,1638)  (5481,1590)  (5817,1588)  (5435,1736)  (5435,1688)  (5818,1732)  (5818,1780)  (5818,1828)  (5818,1876)  (5770,1878)  (5722,1878)  (5819,1636)  (5819,1684)  (5433,1640)  (5433,1592)  (5420,1784)  (5865,1588) 
Algiers Convoy US  (2189,725)  (2141,772)  (2141,724)  (2236,773)  (2189,677)  (2237,677)  (2237,725)  (2139,676)  (2188,820)  (2140,820)  (2278,821)  (2187,629)  (2235,629)  (2102,628) 
BEN-BIR  (5226,2316) 
Cairo  (6571,2340)  (6523,2387)  (6523,2339)  (6618,2388)  (6571,2292)  (6619,2292)  (6619,2340)  (6521,2291)  (6570,2435)  (6522,2435)  (6475,2387)  (6475,2339)  (6666,2388)  (6666,2436)  (6618,2436)  (6474,2436)  (6569,2244)  (6617,2244)  (6665,2244)  (6667,2292)  (6667,2340)  (6473,2291)  (6473,2243)  (6521,2243)  (6713,2198)  (6570,2483)  (6522,2483)  (6427,2388)  (6427,2340)  (6714,2388)  (6714,2436)  (6714,2484)  (6666,2484)  (6618,2484)  (6474,2484)  (6426,2484)  (6426,2436)  (6569,2196)  (6617,2196)  (6665,2196)  (6715,2246)  (6425,2292)  (6425,2244)  (6425,2196)  (6473,2195)  (6521,2195)  (6713,2150)  (6761,2150)  (6761,2198)  (6570,2531)  (6522,2531)  (6379,2388) 
AGH-SIR  (4217,2219) 
Desert Zone G  (3546,2903)  (3498,2950)  (3498,2902)  (3593,2951)  (3546,2855)  (3594,2855)  (3594,2903)  (3450,2972)  (3450,2924)  (3450,2876)  (3641,2951)  (3642,2833)  (3642,2881)  (3402,2972)  (3402,2924)  (3402,2876)  (3689,2929)  (3690,2833)  (3690,2881)  (3354,2972)  (3354,2924)  (3354,2876)  (3737,2929)  (3738,2870)  (3306,2971)  (3306,2843)  (3785,2959) 
Desert Zone H  (4143,2922)  (4095,2969)  (4095,2921)  (4190,2970)  (4143,2874)  (4191,2874)  (4191,2922)  (4093,2873)  (4047,2972)  (4047,2924)  (4238,2970)  (4239,2833)  (4239,2881)  (4045,2876)  (3999,2972)  (3999,2924)  (4286,2929)  (4287,2833)  (4287,2881)  (3997,2876)  (3951,2972)  (3951,2924)  (4334,2929)  (4335,2872)  (3949,2876)  (3903,2972)  (3903,2924)  (4382,2965)  (3901,2876) 
Desert Zone E  (2950,2497)  (2902,2544)  (2902,2496)  (2997,2545)  (2950,2449)  (2998,2449)  (2998,2497)  (2900,2448)  (2949,2592)  (2901,2592)  (2854,2544)  (2854,2496)  (3045,2545)  (3045,2593)  (2997,2593)  (2853,2593)  (2948,2401)  (2996,2401)  (3044,2401)  (3046,2449)  (3046,2497)  (2852,2448)  (2852,2400)  (2900,2400)  (3092,2356)  (2926,2640)  (2806,2545)  (2806,2497)  (3093,2545)  (3093,2593)  (3093,2641)  (3045,2641)  (2878,2641)  (2830,2641)  (2805,2593)  (3094,2404)  (3094,2452)  (2804,2449)  (2804,2401)  (2782,2664)  (3140,2356)  (2758,2545)  (2758,2497)  (3141,2500)  (3141,2548)  (3141,2596)  (3141,2644)  (2757,2616)  (3142,2404)  (3142,2452)  (2756,2449)  (2756,2401) 
MAT-TOB  (5730,2091) 
Mersa Matruh  (5981,2169)  (5933,2216)  (5933,2168)  (6028,2217)  (5981,2121)  (6029,2121)  (6029,2169)  (5931,2120)  (5980,2264)  (5932,2264)  (5885,2216)  (5885,2168)  (6076,2217)  (6076,2265)  (6028,2265)  (5884,2265)  (5979,2073)  (6027,2073)  (6075,2073)  (6077,2121)  (6077,2169)  (5883,2120)  (5883,2072)  (5931,2072)  (6123,2039)  (5980,2312)  (5932,2312)  (5837,2217)  (5837,2169)  (6124,2217)  (6124,2265)  (6071,2313)  (5884,2313)  (5836,2313)  (5836,2265)  (5979,2025)  (6027,2025)  (6075,2025)  (6125,2087)  (6125,2135)  (5835,2121)  (5835,2073)  (5835,2025)  (5883,2024)  (5931,2024)  (6023,2360)  (5975,2360)  (5789,2217)  (5789,2169)  (6172,2183)  (6172,2231) 
Algiers Convoy UK  (2395,731)  (2347,778)  (2347,730)  (2442,779)  (2395,683)  (2443,683)  (2443,731)  (2345,682)  (2394,826)  (2346,826)  (2490,779)  (2490,827)  (2442,827)  (2393,635)  (2441,635)  (2489,635)  (2491,683)  (2491,731)  (2326,634) 
Desert Zone F  (2973,2848)  (2925,2895)  (2925,2847)  (3020,2896)  (2973,2800)  (3021,2800)  (3021,2848)  (2923,2799)  (2972,2943)  (2924,2943)  (2877,2895)  (2877,2847)  (3068,2896)  (3068,2944)  (3020,2944)  (2876,2944)  (2971,2752)  (3019,2752)  (3067,2752)  (3069,2800)  (3069,2848)  (2875,2799)  (2875,2751)  (2923,2751)  (3115,2713)  (2829,2896)  (2829,2848)  (3116,2896)  (3116,2944)  (2828,2972)  (3117,2761)  (3117,2809)  (2827,2800)  (2827,2752)  (3163,2713)  (2781,2924)  (2781,2876)  (3164,2857)  (3164,2905)  (3164,2953)  (2780,2972)  (3165,2761)  (3165,2809)  (2779,2828)  (2779,2780)  (2779,2732)  (3212,2857)  (3212,2947) 
Desert Zone C  (2216,2124)  (2168,2171)  (2168,2123)  (2263,2172)  (2216,2076)  (2264,2076)  (2264,2124)  (2166,2075)  (2215,2219)  (2167,2219)  (2120,2171)  (2120,2123)  (2311,2172)  (2311,2220)  (2263,2220)  (2119,2220)  (2214,2028)  (2262,2028)  (2310,2028)  (2312,2076)  (2312,2124)  (2118,2075)  (2118,2027)  (2166,2027)  (2358,1982)  (2215,2267)  (2167,2267)  (2072,2172)  (2072,2124)  (2359,2172)  (2359,2220)  (2359,2268)  (2311,2268)  (2263,2268)  (2119,2268)  (2071,2268)  (2071,2220)  (2214,1980)  (2262,1980)  (2310,1980)  (2360,2030)  (2360,2078)  (2070,2076)  (2070,2028)  (2068,1980)  (2406,1963)  (2024,2172)  (2024,2124)  (2407,2126)  (2407,2174)  (2407,2222)  (2407,2270) 
D-E  (2954,2331) 
Desert Zone D  (2839,2132)  (2791,2179)  (2791,2131)  (2886,2180)  (2839,2084)  (2887,2084)  (2887,2132)  (2789,2083)  (2838,2227)  (2790,2227)  (2743,2179)  (2743,2131)  (2934,2180)  (2934,2228)  (2886,2228)  (2742,2228)  (2837,2036)  (2885,2036)  (2933,2036)  (2935,2084)  (2935,2132)  (2741,2083)  (2741,2035)  (2789,2035)  (2981,1990)  (2838,2275)  (2790,2275)  (2695,2180)  (2695,2132)  (2982,2180)  (2982,2228)  (2912,2276)  (2742,2276)  (2694,2276)  (2694,2228)  (2879,1988)  (2927,1988)  (2983,2038)  (2983,2086)  (2693,2084)  (2693,2036)  (2693,1988)  (2741,1987)  (2991,2276)  (3029,1963)  (2647,2180)  (2647,2132)  (3030,2134)  (3030,2182)  (2646,2308)  (2646,2260) 
Desert Zone A  (716,2472)  (668,2519)  (668,2471)  (763,2520)  (716,2424)  (764,2424)  (764,2472)  (666,2423)  (715,2567)  (667,2567)  (620,2519)  (620,2471)  (811,2520)  (811,2568)  (763,2568)  (619,2568)  (714,2376)  (762,2376)  (810,2376)  (812,2424)  (812,2472)  (618,2423)  (618,2375)  (666,2375)  (858,2330)  (572,2520)  (572,2472)  (859,2520)  (859,2568)  (571,2603)  (780,2328)  (860,2378)  (860,2426)  (570,2424)  (828,2282)  (876,2282)  (906,2330)  (524,2555)  (524,2507)  (907,2474)  (907,2522)  (907,2570)  (523,2603)  (908,2378)  (908,2426)  (522,2459)  (522,2411)  (924,2264)  (485,2363)  (954,2312)  (476,2555)  (476,2507) 
Desert Zone B  (1451,2101)  (1403,2148)  (1403,2100)  (1498,2149)  (1451,2053)  (1499,2053)  (1499,2101)  (1401,2052)  (1450,2196)  (1402,2196)  (1355,2148)  (1355,2100)  (1546,2149)  (1546,2197)  (1498,2197)  (1354,2197)  (1449,2005)  (1497,2005)  (1545,2005)  (1547,2053)  (1547,2101)  (1353,2052)  (1353,2004)  (1401,2004)  (1593,1959)  (1450,2244)  (1402,2244)  (1307,2149)  (1307,2101)  (1594,2149)  (1594,2197)  (1594,2245)  (1546,2245)  (1498,2245)  (1354,2245)  (1306,2245)  (1306,2197)  (1449,1957)  (1497,1957)  (1545,1957)  (1595,2007)  (1595,2055)  (1305,2053)  (1305,2005)  (1305,1957)  (1353,1956)  (1401,1956)  (1593,1911)  (1641,1911)  (1641,1959)  (1450,2292)  (1402,2292)  (1259,2149)  (1259,2101) 